3333333333333333333
tensor([[[ 0.8184,  0.5070,  1.1861,  ...,  0.4024, -0.7788,  0.4171],
         [-0.0886,  0.6365,  0.8786,  ...,  0.0211,  0.3413,  0.0131],
         [-0.6570,  1.4782,  3.7939,  ..., -0.1589, -0.4959, -0.0930],
         ...,
         [ 1.0551,  2.3577, -1.6648,  ...,  0.9520, -0.8076,  0.5202],
         [ 3.6794,  3.6647,  0.4896,  ..., -0.2052,  0.3127,  1.1329],
         [ 2.4181,  1.9174,  1.7050,  ...,  2.7843, -1.1662, -0.5889]],

        [[ 0.0170, -0.6123, -1.3862,  ..., -1.0992,  0.0857, -3.2850],
         [ 0.7737,  1.1541, -1.2937,  ..., -2.2924,  0.0428,  0.4297],
         [-1.4562,  0.8096, -2.4822,  ...,  0.9637, -0.9362,  1.0462],
         ...,
         [-1.5080,  2.0793,  1.4405,  ...,  0.0063, -1.8310, -0.2732],
         [-1.8439,  0.6386,  0.4141,  ...,  1.1741,  0.5451, -1.5335],
         [-0.4090, -0.9235, -0.6587,  ...,  0.2762, -0.3133, -1.6084]],

        [[ 1.6973,  0.3636,  1.2394,  ..., -0.4691,  0.4636, -0.3418],
         [ 0.6386,  0.6845,  1.7540,  ..., -0.9519,  0.3970, -0.0756],
         [ 0.3254, -0.5433, -0.4683,  ...,  1.0241,  0.3431, -0.4071],
         ...,
         [-1.8544, -1.9062, -0.2826,  ...,  1.1346,  0.6884,  0.4430],
         [-1.8874, -2.0276, -3.2411,  ..., -0.9006,  0.3922, -1.0095],
         [-0.0571, -3.5677, -0.1711,  ..., -0.3414, -0.3145, -1.2257]],

        [[ 0.5449, -0.3207, -1.4197,  ..., -0.7391, -0.1394,  0.2146],
         [ 3.1377,  0.9766,  1.4174,  ..., -0.1623,  0.4895, -1.2919],
         [ 2.0479,  1.2719, -1.3553,  ..., -0.5387,  0.1005, -1.8067],
         ...,
         [ 1.9118,  0.6082,  3.4088,  ...,  0.8827,  0.2860,  0.9682],
         [ 1.3792,  2.0476,  0.6856,  ..., -0.5426,  1.2842, -1.9993],
         [ 0.1924, -0.7807,  0.8447,  ..., -0.9793, -0.1465, -1.4552]]],
       device='cuda:0')
tensor([[[ 1.1052,  0.7078,  1.0658,  ...,  0.4367, -0.7062,  0.4678],
         [ 0.3471,  0.7183,  0.7165,  ...,  0.1689,  0.3126,  0.0591],
         [-0.2331,  1.2624,  3.5115,  ..., -0.2003, -0.3869, -0.0835],
         ...,
         [ 0.3048,  1.3777, -2.6200,  ...,  0.8802, -0.8057,  0.5757],
         [ 2.8567,  2.6615, -0.5301,  ..., -0.2608,  0.2142,  1.1139],
         [ 1.4582,  0.8240,  0.1337,  ...,  2.7041, -1.2479, -0.6351]],

        [[ 1.7285, -0.3273, -0.6256,  ..., -1.1661,  0.1436, -3.0121],
         [ 2.7846,  0.9565,  0.2876,  ..., -2.2832,  0.0601,  0.4190],
         [ 1.0922,  0.6558, -0.3497,  ...,  0.9373, -0.9444,  1.0360],
         ...,
         [-0.1183,  2.3519,  1.7564,  ..., -0.2034, -1.8434, -0.1854],
         [-0.4432,  0.7075,  0.7887,  ...,  1.0804,  0.6418, -1.4519],
         [ 0.7114, -0.9282, -0.2932,  ...,  0.1670, -0.2561, -1.5838]],

        [[ 1.0054,  0.3840,  0.6496,  ..., -0.4997,  0.4640, -0.3865],
         [ 0.2414,  0.9628,  1.1923,  ..., -0.8770,  0.3592, -0.0830],
         [-0.0862, -0.1413, -0.6304,  ...,  1.0558,  0.2907, -0.3858],
         ...,
         [-0.8230, -1.8560, -0.2263,  ...,  1.1268,  0.7621,  0.4553],
         [-0.4067, -2.0689, -2.5301,  ..., -0.9705,  0.4120, -0.9329],
         [ 1.0198, -3.3233,  0.4206,  ..., -0.3550, -0.2722, -1.2513]],

        [[ 0.4408, -0.3939, -1.0362,  ..., -0.7425, -0.1742,  0.1470],
         [ 2.1851,  0.5527,  1.1104,  ..., -0.0957,  0.5361, -1.4647],
         [ 1.3042,  0.5063, -1.1503,  ..., -0.5732,  0.0056, -1.8970],
         ...,
         [ 1.3778,  0.7893,  2.9961,  ...,  0.7996,  0.2818,  0.9407],
         [ 0.9653,  2.1032,  0.5555,  ..., -0.5896,  1.2936, -1.9864],
         [ 0.5896, -0.6424,  0.5916,  ..., -1.0777, -0.1222, -1.4839]]],
       device='cuda:0', grad_fn=<ViewBackward0>)
3333333333333333333
INFO 2025-10-25 15:29:45 ot_train.py:347 step:1 smpl:4 ep:0 epch:0.00 loss:0.101 grdn:1.300 lr:1.2e-06 updt_s:1.942 data_s:3.753
3333333333333333333
tensor([[[ 0.5289, -0.3032,  3.5345,  ...,  0.2942, -1.4038,  1.2327],
         [ 2.3707,  0.1632,  2.0041,  ...,  0.2041,  1.3480, -1.5558],
         [ 0.4696, -1.4245,  2.0400,  ..., -0.5630,  0.6290, -0.5432],
         ...,
         [ 1.1893,  0.4564,  1.4298,  ...,  0.1136, -0.4442,  1.2007],
         [ 1.6413,  1.5786, -0.2409,  ...,  0.4389, -1.0131,  0.1190],
         [ 0.7282,  1.0217,  2.3167,  ...,  0.0833,  1.5457, -1.3255]],

        [[ 0.4140,  0.3744, -1.6947,  ..., -0.4763,  1.9069, -0.6799],
         [-0.5900,  0.7352, -0.9865,  ...,  0.1091,  0.0957,  1.2422],
         [ 0.8375, -0.4951, -0.6581,  ...,  0.5529, -1.8496,  0.6106],
         ...,
         [-1.3349, -2.3362,  1.2165,  ..., -1.3985, -0.5200,  0.4498],
         [-2.0463, -2.6227,  2.6367,  ...,  1.3062, -0.3627,  1.1061],
         [ 0.2848, -1.1726, -0.0930,  ..., -0.3373,  1.5604,  0.5682]],

        [[ 0.6654,  1.7206, -1.2592,  ..., -0.6808,  1.6457,  0.3927],
         [-0.0663, -1.8385,  0.6762,  ..., -0.0766,  1.5204,  0.6694],
         [-0.0712,  0.5898, -0.9800,  ..., -0.6667, -0.1472,  0.4736],
         ...,
         [ 0.6309,  1.7747, -1.8640,  ...,  0.6684, -1.4835, -0.1609],
         [-0.0903,  0.7225,  0.9083,  ..., -0.9599,  0.6975, -0.0102],
         [ 0.4063,  0.1701, -0.5027,  ...,  0.2823, -0.7682, -0.3479]],

        [[-0.3055, -2.2362,  1.9784,  ..., -1.0010,  0.7327,  0.6687],
         [-0.1091, -0.5974,  1.1267,  ..., -1.0874, -0.6046, -0.2001],
         [-0.1573, -0.5736,  1.0038,  ...,  0.4641, -2.1004, -0.0774],
         ...,
         [ 1.4364,  1.8603, -0.3758,  ..., -2.0991,  0.5181,  1.0659],
         [ 1.9039, -0.3769, -0.8412,  ...,  1.4123,  1.1660,  0.7559],
         [ 1.5386, -0.8599, -0.4429,  ..., -3.0741,  1.0050, -0.4378]]],
       device='cuda:0')
tensor([[[ 7.1146e-01,  8.4770e-02,  2.9858e+00,  ...,  4.8372e-01,
          -1.3707e+00,  1.3904e+00],
         [ 2.3455e+00,  7.4304e-01,  1.6892e+00,  ...,  3.1172e-01,
           1.3392e+00, -1.4752e+00],
         [ 2.7887e-01, -3.3857e-01,  1.8924e+00,  ..., -4.0633e-01,
           5.7057e-01, -5.0305e-01],
         ...,
         [ 9.5038e-01,  1.7673e-03,  1.2458e+00,  ...,  2.9764e-02,
          -5.2042e-01,  1.3423e+00],
         [ 1.4033e+00,  8.8897e-01,  1.3979e-01,  ...,  3.9954e-01,
          -1.1449e+00,  2.2993e-01],
         [ 6.6709e-01,  4.8637e-01,  2.3806e+00,  ...,  1.1023e-01,
           1.4924e+00, -1.2698e+00]],

        [[ 3.2097e-01,  1.3086e-01, -1.8684e+00,  ..., -4.6685e-01,
           1.8288e+00, -5.2670e-01],
         [-9.7414e-01,  6.6657e-01, -1.0353e+00,  ...,  9.1732e-02,
           6.1618e-02,  1.1971e+00],
         [ 3.9211e-01, -4.8971e-01, -5.7323e-01,  ...,  4.5509e-01,
          -1.8138e+00,  6.0518e-01],
         ...,
         [-1.7026e+00, -2.1754e+00,  1.1841e+00,  ..., -1.4008e+00,
          -5.0808e-01,  4.9541e-01],
         [-2.2093e+00, -2.4530e+00,  2.2509e+00,  ...,  1.3046e+00,
          -3.4651e-01,  1.0051e+00],
         [-9.6479e-02, -9.0536e-01, -4.3945e-01,  ..., -3.1406e-01,
           1.5099e+00,  6.2481e-01]],

        [[ 1.3003e-01,  4.1784e-01, -9.6312e-01,  ..., -2.6786e-01,
           1.2123e+00, -2.6598e-01],
         [ 4.4106e-01, -4.3165e-01, -1.3921e+00,  ...,  3.9048e-01,
           1.0073e+00, -9.2641e-02],
         [ 4.9991e-01,  6.2690e-01, -1.4359e+00,  ..., -6.3125e-02,
          -6.5509e-01, -2.7445e-02],
         ...,
         [ 6.2156e-01,  8.7997e-01, -8.5322e-01,  ...,  8.8363e-01,
          -1.2695e+00, -1.7427e-01],
         [-1.4111e-01,  5.9979e-02,  8.1623e-01,  ..., -7.2793e-01,
           6.8643e-01, -1.2090e-01],
         [ 3.0327e-01,  3.1358e-01, -4.1349e-01,  ...,  4.2343e-01,
          -5.9146e-01, -3.1269e-01]],

        [[-8.7310e-01, -1.4841e+00,  1.5136e+00,  ..., -8.6835e-01,
           7.3550e-01,  7.8619e-01],
         [-3.8001e-01,  1.1864e-01,  6.3666e-01,  ..., -1.0274e+00,
          -7.1292e-01, -1.3076e-01],
         [-5.9207e-01, -1.3650e-01,  4.9018e-01,  ...,  5.9971e-01,
          -2.2319e+00,  5.9952e-02],
         ...,
         [ 8.8794e-01,  1.7804e+00, -2.3324e-01,  ..., -2.0722e+00,
           4.5282e-01,  1.0543e+00],
         [ 1.2467e+00, -4.0678e-01, -9.0639e-01,  ...,  1.5141e+00,
           1.0985e+00,  6.4957e-01],
         [ 7.6470e-01, -9.1090e-01, -4.1270e-01,  ..., -3.0680e+00,
           9.5889e-01, -5.0286e-01]]], device='cuda:0',
       grad_fn=<ViewBackward0>)
3333333333333333333
INFO 2025-10-25 15:29:45 ot_train.py:347 step:2 smpl:8 ep:0 epch:0.00 loss:0.104 grdn:3.582 lr:1.8e-06 updt_s:0.268 data_s:0.034
3333333333333333333
tensor([[[-0.6227,  0.0462,  1.2185,  ...,  0.7318,  0.5981, -1.4482],
         [-0.6683,  1.6391,  1.4118,  ..., -1.4898,  0.4242, -2.6770],
         [-0.9015,  0.0130, -0.6978,  ...,  0.6515,  0.4449,  0.1145],
         ...,
         [ 0.5850, -2.4602,  1.5431,  ..., -1.1949,  0.0920,  0.7951],
         [ 0.7315, -2.8519,  1.1984,  ..., -0.1751, -0.3485,  0.4236],
         [ 2.1270, -2.6571,  1.8097,  ..., -1.0382,  1.6141,  0.8606]],

        [[ 1.7614, -2.1029, -0.3109,  ...,  2.6570, -0.4813, -0.8688],
         [-1.7187, -0.3326,  1.7440,  ...,  0.3884,  0.7411, -0.9279],
         [-0.9124, -0.7213, -0.5757,  ..., -0.3188, -0.4493,  0.7755],
         ...,
         [ 1.7784,  1.6305,  1.1197,  ..., -0.2847,  0.8812, -1.0576],
         [ 1.5879,  2.6926, -0.1602,  ...,  1.0551, -2.2724,  0.7541],
         [ 1.7417,  2.5053,  1.2603,  ...,  0.3710,  0.1324, -1.1211]],

        [[-0.2547,  0.3455, -0.8892,  ...,  0.8339,  0.6138, -1.0051],
         [-0.0495, -0.7070,  1.5030,  ...,  0.6430,  0.7048, -0.2275],
         [-0.6708, -2.6338, -0.8125,  ..., -0.5299, -1.1107,  0.4311],
         ...,
         [ 0.0518,  0.3144, -0.9478,  ..., -1.2781,  1.9772,  1.0116],
         [ 2.1640,  0.4007,  1.1464,  ...,  0.6752, -1.1528, -0.4454],
         [ 0.2556,  2.8690, -0.6791,  ..., -1.5374, -0.0689, -0.0282]],

        [[ 0.4764,  2.2154, -1.0949,  ..., -0.5370,  0.3695, -1.7110],
         [-0.6128,  0.6984, -1.2249,  ...,  1.1391,  0.4632,  1.0082],
         [-0.3043,  1.8495, -0.9051,  ...,  0.5487,  0.6228, -0.4465],
         ...,
         [-0.5970,  0.8245, -1.6791,  ..., -0.2563, -1.0439, -1.8254],
         [-0.7184, -0.9013, -0.4357,  ...,  1.4243,  0.1082, -0.7127],
         [ 0.2714, -0.7025, -0.4173,  ..., -0.6353,  0.2978, -0.8183]]],
       device='cuda:0')
tensor([[[-3.8309e-01,  1.7993e-01,  7.8363e-01,  ...,  6.8317e-01,
           5.4468e-01, -1.3930e+00],
         [-9.0068e-01,  1.3600e+00,  9.2749e-01,  ..., -1.6412e+00,
           3.9083e-01, -2.6684e+00],
         [-1.0989e+00, -5.1201e-01, -1.2490e+00,  ...,  4.6550e-01,
           3.7077e-01,  2.5289e-01],
         ...,
         [ 4.0417e-02, -2.2104e+00,  1.0110e+00,  ..., -1.2119e+00,
           1.3791e-01,  7.9417e-01],
         [ 2.8772e-01, -2.4620e+00,  9.9269e-01,  ..., -1.1849e-01,
          -3.6496e-01,  3.7423e-01],
         [ 1.5627e+00, -1.9976e+00,  1.3282e+00,  ..., -1.0455e+00,
           1.5489e+00,  8.5518e-01]],

        [[ 1.4529e+00, -2.0280e+00, -2.1208e-01,  ...,  2.6485e+00,
          -6.2139e-01, -8.5597e-01],
         [-1.9157e+00, -4.2679e-01,  1.9671e+00,  ...,  4.4459e-01,
           6.3542e-01, -8.4085e-01],
         [-1.1281e+00, -6.7628e-01, -1.7077e-01,  ..., -2.5170e-01,
          -5.1186e-01,  8.7438e-01],
         ...,
         [ 4.1117e-01,  6.9803e-01,  3.8290e-01,  ..., -2.8095e-01,
           7.7346e-01, -1.0237e+00],
         [-8.4928e-02,  1.9234e+00, -1.1956e+00,  ...,  1.0415e+00,
          -2.3402e+00,  8.8287e-01],
         [ 1.6098e-01,  1.5659e+00,  3.2785e-01,  ...,  3.6140e-01,
           6.1785e-02, -1.1213e+00]],

        [[-1.6481e-01, -5.8153e-01, -1.0929e+00,  ...,  9.3934e-01,
           6.2602e-01, -9.3054e-01],
         [ 3.5967e-01, -1.5634e+00,  1.1647e+00,  ...,  7.1755e-01,
           7.3204e-01, -2.9451e-01],
         [-1.0038e-01, -3.2972e+00, -8.7569e-01,  ..., -4.5468e-01,
          -1.0316e+00,  4.8765e-01],
         ...,
         [ 7.6431e-02,  2.4055e-03, -1.6533e-01,  ..., -1.2090e+00,
           1.9591e+00,  1.1531e+00],
         [ 2.0738e+00,  8.8332e-02,  1.7639e+00,  ...,  6.7792e-01,
          -1.0957e+00, -4.2249e-01],
         [ 2.0108e-01,  2.4720e+00, -1.3536e-01,  ..., -1.5024e+00,
          -7.6407e-02, -1.9102e-03]],

        [[ 5.0347e-01,  1.5792e+00, -6.8819e-01,  ..., -5.0848e-01,
           4.3317e-01, -1.7608e+00],
         [-3.2580e-01,  2.0367e-02, -3.8965e-01,  ...,  1.2056e+00,
           4.7792e-01,  1.0561e+00],
         [ 2.1880e-01,  1.3432e+00, -9.2319e-02,  ...,  5.8558e-01,
           6.4096e-01, -5.1204e-01],
         ...,
         [-1.1715e+00,  6.2990e-01, -2.3047e+00,  ..., -3.0450e-01,
          -1.1252e+00, -1.8794e+00],
         [-1.2660e+00, -1.0731e+00, -8.8078e-01,  ...,  1.3681e+00,
           1.4870e-01, -6.0599e-01],
         [-1.7973e-01, -7.1811e-01, -6.7535e-01,  ..., -6.9154e-01,
           3.7600e-01, -7.9338e-01]]], device='cuda:0',
       grad_fn=<ViewBackward0>)
3333333333333333333
INFO 2025-10-25 15:29:47 ot_train.py:347 step:3 smpl:12 ep:0 epch:0.00 loss:0.097 grdn:1.719 lr:2.4e-06 updt_s:0.307 data_s:1.031
3333333333333333333
tensor([[[-0.5625,  1.3083,  0.7388,  ..., -0.2550, -0.2063,  1.1013],
         [-0.1923,  0.4128,  1.9225,  ...,  0.0850, -0.1053,  0.4118],
         [-1.7325, -0.8944,  0.5610,  ...,  1.2235,  0.1419,  0.4821],
         ...,
         [-0.8472, -1.5716,  0.4233,  ..., -0.2834,  0.6660, -0.3761],
         [ 0.2690,  0.1218, -0.1004,  ...,  0.8154, -0.1264, -0.7661],
         [ 0.4378,  0.1503, -0.7558,  ...,  1.7882,  0.8864,  0.3751]],

        [[ 0.9739,  2.6041,  2.0003,  ..., -0.8298, -0.4667, -0.6930],
         [-0.0638,  1.8878,  2.9462,  ..., -1.9316, -0.1687, -3.2042],
         [ 2.0890,  2.7956,  0.9935,  ..., -0.7217,  0.5664, -0.6610],
         ...,
         [ 0.1341, -0.8685,  0.3205,  ..., -0.0993, -0.0541,  0.9940],
         [-0.0383, -0.7474,  0.2057,  ...,  0.5235, -0.7888, -1.0878],
         [-0.2292, -4.0897, -0.4933,  ..., -1.1483, -1.3833, -0.5938]],

        [[-2.0615, -0.4064, -2.1581,  ...,  1.1352, -1.1007, -0.2059],
         [-2.5505, -0.6134, -1.4346,  ...,  0.6147, -0.7447,  0.7750],
         [-1.2108, -1.1247, -1.3229,  ..., -0.2964,  1.3142,  0.9382],
         ...,
         [ 1.5146, -0.5531, -1.8194,  ..., -0.3974,  0.3659, -0.1026],
         [ 1.4711, -0.0211,  1.9066,  ..., -1.0215, -1.5682,  1.2604],
         [ 1.9593,  0.9925,  1.4732,  ..., -0.7326, -0.6481,  0.7331]],

        [[ 0.8104, -2.1925, -1.0874,  ...,  2.6748, -0.5027, -1.6721],
         [-0.1301,  2.3050, -0.4696,  ...,  0.8109,  0.0894,  0.2404],
         [ 1.2033,  1.2379, -2.0470,  ..., -0.3195, -0.0302, -0.4907],
         ...,
         [-0.5596,  1.4248, -1.6350,  ..., -0.2165,  1.3523,  0.8565],
         [-0.3902, -0.6828, -2.5198,  ...,  0.0267, -0.6446,  0.0901],
         [ 1.4619, -1.3940, -0.7303,  ...,  0.5338,  1.8358, -1.0928]]],
       device='cuda:0')
tensor([[[-1.5996,  1.7160, -0.5576,  ..., -0.3384, -0.2019,  1.1143],
         [-1.0610,  0.7747,  0.7394,  ...,  0.0302, -0.1327,  0.3644],
         [-2.0092, -0.7241, -0.3652,  ...,  1.1416,  0.1538,  0.5481],
         ...,
         [-0.9195, -1.6288,  0.0279,  ..., -0.2680,  0.5486, -0.3806],
         [ 0.1763,  0.1290, -0.3354,  ...,  0.8166, -0.1337, -0.6916],
         [ 0.3073,  0.2165, -1.0455,  ...,  1.7715,  0.9254,  0.4359]],

        [[-1.0643, -2.7566, -1.1640,  ..., -0.7541, -0.6657, -0.7229],
         [-1.0631, -2.1467,  0.4559,  ..., -1.9160, -0.4301, -3.2054],
         [ 1.3141, -0.6935, -0.1258,  ..., -0.7498,  0.4722, -0.6876],
         ...,
         [-0.4660, -0.3807,  1.0675,  ..., -0.1765, -0.1404,  0.9853],
         [-0.2391, -0.2119,  1.0759,  ...,  0.5366, -0.8015, -1.0986],
         [-0.4002, -3.2711,  0.4700,  ..., -1.2260, -1.4891, -0.5860]],

        [[-0.9138, -0.9255, -0.3685,  ...,  0.9750, -1.1100, -0.1814],
         [-1.5814, -1.2786, -0.0671,  ...,  0.3466, -0.6605,  0.6330],
         [-1.1476, -1.7746,  0.1012,  ..., -0.3721,  1.4665,  0.8094],
         ...,
         [-0.4982, -0.4184, -0.7018,  ..., -0.2883,  0.4705, -0.0475],
         [-0.4522,  0.3159,  2.9018,  ..., -0.9294, -1.4849,  1.3415],
         [ 0.0814,  0.8773,  2.7502,  ..., -0.7559, -0.6744,  0.6911]],

        [[ 1.0013, -1.4753, -1.5256,  ...,  2.5577, -0.5072, -1.6847],
         [ 0.0885,  2.4457, -0.6180,  ...,  0.7902,  0.0683,  0.1574],
         [ 1.3516,  1.4278, -1.5814,  ..., -0.3013, -0.0449, -0.5962],
         ...,
         [-0.4359,  1.7044, -0.9866,  ..., -0.1693,  1.2746,  0.7799],
         [-0.2908, -0.4808, -1.9380,  ...,  0.0364, -0.6048,  0.0585],
         [ 1.2475, -1.3042, -0.2552,  ...,  0.4830,  1.7705, -1.1056]]],
       device='cuda:0', grad_fn=<ViewBackward0>)
3333333333333333333

